##FastQC	0.10.1
>>Basic Statistics	pass
#Measure	Value	
Filename	SRR1002940.r2.temp.fq	
File type	Conventional base calls	
Encoding	Sanger / Illumina 1.9	
Total Sequences	10000	
Filtered Sequences	0	
Sequence length	100	
%GC	44	
>>END_MODULE
>>Per base sequence quality	pass
#Base	Mean	Median	Lower Quartile	Upper Quartile	10th Percentile	90th Percentile
1	31.526	31.0	31.0	34.0	30.0	34.0
2	31.6991	33.0	31.0	34.0	30.0	34.0
3	31.7274	33.0	31.0	34.0	30.0	34.0
4	35.2292	37.0	35.0	37.0	32.0	37.0
5	35.2598	37.0	35.0	37.0	33.0	37.0
6	35.1843	37.0	35.0	37.0	32.0	37.0
7	35.1802	37.0	35.0	37.0	32.0	37.0
8	35.135	37.0	35.0	37.0	32.0	37.0
9	36.7614	39.0	37.0	39.0	33.0	39.0
10	36.6856	39.0	37.0	39.0	32.0	39.0
11	36.6839	39.0	37.0	39.0	32.0	39.0
12	36.6689	39.0	37.0	39.0	32.0	39.0
13	36.6322	39.0	37.0	39.0	32.0	39.0
14	37.8626	40.0	38.0	41.0	33.0	41.0
15	37.8435	40.0	38.0	41.0	33.0	41.0
16	37.7118	40.0	38.0	41.0	32.0	41.0
17	37.7382	40.0	38.0	41.0	32.0	41.0
18	37.6398	40.0	37.0	41.0	32.0	41.0
19	37.6366	40.0	37.0	41.0	32.0	41.0
20	37.5615	40.0	37.0	41.0	32.0	41.0
21	37.5994	40.0	37.0	41.0	32.0	41.0
22	37.4806	40.0	37.0	41.0	32.0	41.0
23	37.3603	40.0	37.0	41.0	32.0	41.0
24	37.2552	40.0	37.0	41.0	31.0	41.0
25	37.2195	40.0	37.0	41.0	31.0	41.0
26	37.0862	40.0	37.0	41.0	31.0	41.0
27	37.0673	39.0	37.0	41.0	31.0	41.0
28	37.0081	39.0	37.0	41.0	31.0	41.0
29	37.0223	39.0	37.0	41.0	31.0	41.0
30	36.9482	39.0	37.0	41.0	30.0	41.0
31	36.9628	39.0	36.0	41.0	30.0	41.0
32	36.9081	39.0	36.0	41.0	30.0	41.0
33	36.7058	39.0	36.0	41.0	30.0	41.0
34	36.7258	39.0	36.0	41.0	30.0	41.0
35	36.6341	39.0	36.0	41.0	30.0	41.0
36	36.6629	39.0	36.0	41.0	30.0	41.0
37	36.4994	39.0	36.0	41.0	30.0	41.0
38	36.4933	39.0	36.0	41.0	30.0	41.0
39	36.362	39.0	36.0	41.0	29.0	41.0
40	36.3436	39.0	36.0	41.0	30.0	41.0
41	36.2288	39.0	35.0	41.0	30.0	41.0
42	36.1541	39.0	35.0	40.0	29.0	41.0
43	36.0795	39.0	35.0	40.0	29.0	41.0
44	35.9997	39.0	35.0	40.0	28.0	41.0
45	35.91	39.0	35.0	40.0	28.0	41.0
46	35.801	39.0	35.0	40.0	27.0	41.0
47	35.7203	39.0	35.0	40.0	27.0	41.0
48	35.6927	39.0	35.0	40.0	28.0	41.0
49	35.5318	39.0	35.0	40.0	27.0	41.0
50	35.5099	39.0	35.0	40.0	26.0	41.0
51	34.0969	37.0	33.0	39.0	26.0	40.0
52	34.861	38.0	34.0	40.0	26.0	40.0
53	35.4426	39.0	35.0	40.0	28.0	41.0
54	35.6102	39.0	35.0	40.0	27.0	41.0
55	35.6345	39.0	35.0	40.0	27.0	41.0
56	35.5726	39.0	35.0	41.0	27.0	41.0
57	35.4364	39.0	35.0	41.0	27.0	41.0
58	35.2748	39.0	34.0	40.0	26.0	41.0
59	35.2077	39.0	34.0	41.0	26.0	41.0
60	35.0865	38.0	34.0	40.0	26.0	41.0
61	34.8963	38.0	34.0	40.0	26.0	41.0
62	34.752	38.0	34.0	40.0	26.0	41.0
63	34.5794	38.0	34.0	40.0	26.0	41.0
64	34.3301	38.0	34.0	40.0	25.0	41.0
65	34.1979	38.0	33.0	40.0	24.0	41.0
66	34.0364	37.0	33.0	40.0	23.0	41.0
67	33.7696	37.0	33.0	40.0	23.0	41.0
68	33.6994	37.0	33.0	40.0	23.0	41.0
69	33.4186	36.0	32.0	40.0	22.0	41.0
70	33.2644	36.0	32.0	39.0	22.0	41.0
71	33.0479	36.0	32.0	39.0	21.0	41.0
72	32.8817	36.0	32.0	39.0	20.0	41.0
73	32.6452	35.0	32.0	39.0	20.0	41.0
74	32.375	35.0	32.0	39.0	18.0	40.0
75	32.1742	35.0	31.0	39.0	19.0	40.0
76	31.9593	35.0	31.0	38.0	18.0	40.0
77	31.7085	35.0	31.0	38.0	16.0	40.0
78	31.5161	35.0	31.0	37.0	15.0	40.0
79	31.2977	35.0	31.0	37.0	13.0	39.0
80	31.0027	35.0	30.0	37.0	8.0	39.0
81	30.7402	35.0	30.0	37.0	7.0	39.0
82	30.5814	35.0	30.0	36.0	7.0	39.0
83	30.3954	34.0	30.0	36.0	7.0	39.0
84	30.1464	34.0	30.0	36.0	7.0	39.0
85	29.9091	34.0	30.0	36.0	2.0	37.0
86	29.6837	34.0	29.0	36.0	2.0	37.0
87	29.4665	34.0	29.0	35.0	2.0	37.0
88	29.3603	34.0	29.0	35.0	2.0	37.0
89	29.1561	34.0	29.0	35.0	2.0	37.0
90	28.8883	34.0	29.0	35.0	2.0	36.0
91	28.6517	34.0	29.0	35.0	2.0	36.0
92	28.4051	34.0	29.0	35.0	2.0	36.0
93	28.143	34.0	28.0	35.0	2.0	36.0
94	27.9888	34.0	27.0	35.0	2.0	36.0
95	27.7294	34.0	27.0	35.0	2.0	36.0
96	27.4258	34.0	26.0	35.0	2.0	35.0
97	27.1189	34.0	26.0	35.0	2.0	35.0
98	26.8219	34.0	25.0	35.0	2.0	35.0
99	26.4437	33.0	25.0	35.0	2.0	35.0
100	26.1392	33.0	25.0	35.0	2.0	35.0
>>END_MODULE
>>Per sequence quality scores	pass
#Quality	Count
2	24.0
3	7.0
4	4.0
5	10.0
6	10.0
7	14.0
8	17.0
9	24.0
10	35.0
11	30.0
12	36.0
13	40.0
14	44.0
15	40.0
16	41.0
17	47.0
18	55.0
19	63.0
20	57.0
21	71.0
22	83.0
23	104.0
24	99.0
25	104.0
26	142.0
27	146.0
28	167.0
29	179.0
30	258.0
31	301.0
32	335.0
33	491.0
34	584.0
35	851.0
36	1163.0
37	1669.0
38	1971.0
39	681.0
40	3.0
>>END_MODULE
>>Per base sequence content	pass
#Base	G	A	T	C
1	19.3335334734314	30.511357950565394	27.979585709996996	22.175522866006204
2	20.464557468962756	30.266319583500202	28.11373648378054	21.155386463756507
3	21.63812956843897	27.876239110844097	28.577150295384	21.908481025332932
4	23.115426969666633	27.02973270597657	27.52027229952948	22.33456802482731
5	22.394634097507257	28.57142857142857	27.760536590249274	21.273400740814896
6	22.61714056868242	27.863436123348016	26.57188626351622	22.947537044453345
7	22.036443732478975	27.513015618742493	28.39407288746496	22.056467761313574
8	20.684821786143374	28.233880656788145	28.77452943532239	22.306768121746096
9	21.115338406087307	28.053664397276734	27.953544253103722	22.87745294353224
10	21.936323588305967	28.544253103724472	27.37284741690028	22.146575891069283
11	21.635963155786943	27.983580296355626	28.053664397276734	22.326792150580697
12	21.487934314608992	27.946330229298088	28.046460398518075	22.51927505757485
13	20.935122146575893	28.133760512615137	29.36523828594313	21.56587905486584
14	22.146575891069283	26.73207849419303	29.555466559871846	21.56587905486584
15	21.317713026935014	27.615900670872133	28.537098227696006	22.529288074496844
16	21.4221331997997	27.791687531296944	28.362543815723583	22.42363545317977
17	21.171757636454682	28.062093139709564	28.43264897346019	22.33350025037556
18	21.688194653048964	27.155301892460198	29.2680484630019	21.888454991488935
19	21.816179415298357	26.71205446535843	29.185022026431717	22.286744092911494
20	21.265518622346814	27.062474969963958	29.735682819383257	21.936323588305967
21	21.545855026031237	27.492991589907888	28.28394072887465	22.677212655186224
22	21.395674809771727	27.953544253103722	28.754505406487784	21.896275530636764
23	22.697236684020826	26.401682018422107	28.464156988386062	22.436924309171005
24	22.188845499148893	27.455692400120157	28.787423650745968	21.56803844998498
25	22.25670804965959	26.511814177012415	28.28394072887465	22.947537044453345
26	21.32559070885062	27.322787344813776	28.674409291149377	22.677212655186224
27	21.44573488185823	27.09251101321586	28.604325190228273	22.857428914697635
28	21.67601121345615	26.661994393271925	28.904685622747294	22.757308770524627
29	21.112667600560336	27.936762057234343	28.086852111266758	22.863718230938563
30	22.22555789052337	26.318422896027222	29.300510357250076	22.15550885619934
31	22.023213928357013	27.04622773664199	28.37702621572944	22.553532119271562
32	22.023213928357013	27.10626375825495	28.517110266159694	22.35341204722834
33	21.95097548774387	26.55327663831916	29.154577288644322	22.341170585292648
34	21.635144601220855	26.94886420494346	29.030321224857403	22.385669968978284
35	21.46287772663598	27.906744046427857	28.32699619771863	22.30338202921753
36	22.233340004002404	26.82609565739444	28.947368421052634	21.99319591755053
37	21.69301580948569	27.696617970782473	28.827296377826695	21.783069841905142
38	22.08104052026013	26.183091545772886	28.394197098549274	23.34167083541771
39	22.045431802261582	26.318422896027222	29.0603422395677	22.5758030621435
40	21.555088561993397	26.458520964675277	28.58000600420294	23.40638446912839
41	21.65515861102772	27.35915140598419	28.319823876713702	22.665866106274393
42	21.805263684579206	27.319123386370457	28.509956969878914	22.36565595917142
43	22.045431802261582	27.22906034223957	28.56999899929951	22.15550885619934
44	21.90533373361353	26.97888521965376	28.56999899929951	22.545782047433203
45	21.965375763034125	27.389172420694486	28.55999199439608	22.085459821875315
46	21.74739791833467	26.65132105684548	29.07325860688551	22.52802241793435
47	21.845291704192935	27.409186430501354	28.439907935554885	22.305613929750827
48	22.21332799679808	27.336401841104664	28.126876125675405	22.323394036421853
49	21.136909527622098	26.9515612489992	29.303442754203363	22.60808646917534
50	21.713027816690015	27.736641985191113	27.78667200320192	22.76365819491695
51	22.062206220622063	26.932693269326936	28.822882288228826	22.182218221822183
52	21.715200640448316	27.008906234364055	28.389872911037727	22.886020214149905
53	21.47859143657463	27.010804321728692	28.53141256502601	22.97919167667067
54	21.818727490996398	27.561024409763906	28.41136454581833	22.20888355342137
55	22.028811524609843	26.92076830732293	28.16126450580232	22.88915566226491
56	21.73869547819128	27.5110044017607	27.801120448179272	22.949179671868748
57	21.940970485242623	27.213606803401703	28.30415207603802	22.54127063531766
58	21.15057528764382	27.143571785892945	28.754377188594297	22.951475737868936
59	21.16634990497149	27.568270481144342	27.998399519855955	23.26698009402821
60	21.368547418967587	27.651060424169664	28.15126050420168	22.829131652661065
61	22.0666199859958	26.647994398319497	29.038711613484047	22.246674002200663
62	22.496749024707412	26.85805741722517	27.678303491047313	22.966890067020106
63	22.669067627050822	26.60064025610244	28.431372549019606	22.29891956782713
64	22.326698009402822	26.89806942082625	27.98839651895569	22.786836050815246
65	21.686505951785538	27.548264479343803	27.478243473041914	23.28698609582875
66	21.766529958987697	27.45823747124137	28.188456536961088	22.586776032809844
67	21.410705352676338	27.823911955977987	27.34367183591796	23.421710855427712
68	21.92096048024012	27.333666833416707	28.484242121060532	22.26113056528264
69	21.39855942376951	27.561024409763906	28.731492597038816	22.308923569427773
70	21.388555422168867	27.150860344137655	28.7515006002401	22.709083633453382
71	20.82624787436231	27.38821646493948	28.968690607182157	22.816845053516055
72	21.90876350540216	27.410964385754298	28.211284513805523	22.468987595038016
73	22.08662598779634	27.548264479343803	28.30849254776433	22.056616985095527
74	21.93219321932193	27.47274727472747	28.562856285628563	22.03220322032203
75	21.834366873374673	27.295459091818365	28.705741148229645	22.164432886577316
76	22.689999999999998	27.750000000000004	27.61	21.95
77	21.782178217821784	27.432743274327432	28.302830283028303	22.48224822482248
78	21.362136213621362	27.342734273427343	28.492849284928496	22.802280228022802
79	21.698679471788715	27.410964385754298	28.101240496198482	22.789115646258505
80	21.676502950885265	27.728318495548663	28.46854056216865	22.12663799139742
81	21.696508952685807	27.348204461338398	28.20846253876163	22.746824047214165
82	22.338935574229694	26.820728291316527	28.11124449779912	22.729091636654662
83	21.854370874174837	27.635527105421083	28.375675135027006	22.134426885377074
84	21.45858343337335	27.39095638255302	29.101640656262507	22.048819527811126
85	21.358543417366946	26.790716286514606	28.94157663065226	22.90916366546619
86	21.538615446178472	26.93077230892357	28.541416566626648	22.989195678271308
87	21.52861144457783	27.641056422569026	27.74109643857543	23.08923569427771
88	22.37671301390417	27.09812943883165	27.868360508152445	22.656797039111733
89	21.41856742697079	27.050820328131252	28.841536614645857	22.689075630252102
90	21.466439931979593	26.72801840552166	28.388516554966493	23.41702510753226
91	21.244248849769953	27.665533106621325	28.085617123424683	23.00460092018404
92	22.52675802740822	26.20786235870761	28.72861858557567	22.53676102830849
93	21.364272854570913	27.875575115023004	28.135627125425085	22.624524904980998
94	22.29668900670201	26.307892367710313	27.888366509952984	23.507052115634693
95	21.904380876175235	28.065613122624526	27.645529105821165	22.384476895379077
96	21.734346869373873	26.825365073014602	28.355671134226846	23.084616923384676
97	22.034406881376274	26.99539907981596	27.70554110822164	23.264652930586116
98	21.824364872974595	27.355471094218842	28.805761152230446	22.014402880576114
99	22.334466893378675	27.00540108021604	28.145629125825167	22.514502900580116
100	22.284456891378277	27.20544108821764	28.175635127025405	22.334466893378675
>>END_MODULE
>>Per base GC content	pass
#Base	%GC
1	41.509056339437606
2	41.61994393271926
3	43.54661059377191
4	45.44999499449394
5	43.66803483832216
6	45.564677613135764
7	44.092911493792556
8	42.99158990788946
9	43.992791349619544
10	44.08289947937525
11	43.96275530636764
12	44.00720937218384
13	42.50100120144173
14	43.71245494593512
15	43.84700110143186
16	43.845768652979466
17	43.50525788683024
18	43.5766496445379
19	44.10292350820985
20	43.201842210652785
21	44.22306768121746
22	43.29195034040849
23	45.13416099319183
24	43.75688394913387
25	45.204245094112935
26	44.00280336403684
27	44.303163796555864
28	44.43331998398078
29	43.9763858314989
30	44.38106674672271
31	44.57674604762858
32	44.37662597558535
33	44.29214607303652
34	44.02081457019914
35	43.76625975585351
36	44.22653592155294
37	43.47608565139083
38	45.42271135567784
39	44.62123486440508
40	44.961473031121784
41	44.32102471730211
42	44.17091964375063
43	44.20094065846092
44	44.45111578104674
45	44.050835584909436
46	44.275420336269015
47	44.15090563394376
48	44.53672203321993
49	43.744995996797435
50	44.476686011606965
51	44.24442444244425
52	44.60122085459822
53	44.4577831132453
54	44.02761104441777
55	44.917967186874755
56	44.68787515006002
57	44.48224112056028
58	44.10205102551276
59	44.433329998999696
60	44.197679071628656
61	44.31329398819646
62	45.46363909172752
63	44.96798719487795
64	45.113534060218065
65	44.973492047614286
66	44.353305991797534
67	44.83241620810405
68	44.18209104552276
69	43.707482993197274
70	44.09763905562225
71	43.643092927878364
72	44.37775110044018
73	44.14324297289187
74	43.96439643964396
75	43.99879975995199
76	44.64
77	44.264426442644265
78	44.164416441644164
79	44.48779511804722
80	43.80314094228269
81	44.44333299989997
82	45.06802721088435
83	43.988797759551915
84	43.50740296118447
85	44.267707082833134
86	44.52781112444978
87	44.617847138855545
88	45.03351005301591
89	44.10764305722289
90	44.883465039511854
91	44.24884976995399
92	45.06351905571672
93	43.988797759551915
94	45.8037411223367
95	44.28885777155431
96	44.81896379275855
97	45.299059811962394
98	43.83876775355071
99	44.848969793958794
100	44.61892378475695
>>END_MODULE
>>Per sequence GC content	fail
#GC Content	Count
0	0.0
1	0.0
2	0.0
3	0.0
4	0.0
5	0.5
6	1.5
7	1.0
8	0.5
9	0.5
10	0.0
11	0.0
12	1.0
13	1.5
14	1.0
15	1.5
16	2.0
17	4.0
18	9.0
19	17.5
20	23.0
21	31.0
22	40.5
23	59.0
24	69.0
25	85.0
26	119.0
27	141.0
28	170.0
29	197.0
30	238.0
31	281.0
32	298.5
33	321.5
34	338.5
35	328.5
36	327.5
37	341.0
38	321.0
39	286.5
40	276.5
41	293.5
42	310.5
43	288.0
44	243.5
45	208.5
46	202.0
47	209.0
48	196.0
49	187.5
50	189.5
51	179.0
52	176.5
53	189.0
54	183.0
55	192.0
56	226.5
57	236.5
58	228.0
59	212.5
60	194.0
61	171.0
62	161.5
63	152.5
64	117.0
65	100.0
66	107.5
67	100.0
68	90.0
69	81.5
70	65.5
71	51.0
72	33.5
73	22.0
74	18.0
75	10.5
76	5.5
77	5.5
78	6.0
79	5.5
80	5.5
81	3.5
82	1.0
83	1.5
84	1.0
85	0.5
86	0.5
87	0.0
88	0.5
89	1.0
90	0.5
91	0.0
92	0.5
93	0.5
94	0.0
95	0.0
96	0.0
97	0.0
98	0.0
99	0.0
100	0.0
>>END_MODULE
>>Per base N content	pass
#Base	N-Count
1	0.06999999999999999
2	0.12
3	0.13
4	0.11
5	0.11
6	0.12
7	0.12
8	0.12
9	0.12
10	0.12
11	0.12
12	0.13
13	0.12
14	0.12
15	0.13
16	0.15
17	0.15
18	0.13
19	0.12
20	0.12
21	0.12
22	0.12
23	0.12
24	0.13
25	0.12
26	0.12
27	0.12
28	0.12
29	0.06
30	0.06999999999999999
31	0.06
32	0.06
33	0.05
34	0.06999999999999999
35	0.06
36	0.06
37	0.06
38	0.05
39	0.06999999999999999
40	0.06999999999999999
41	0.06999999999999999
42	0.06999999999999999
43	0.06999999999999999
44	0.06999999999999999
45	0.06999999999999999
46	0.08
47	0.06999999999999999
48	0.06
49	0.08
50	0.06
51	0.01
52	0.06999999999999999
53	0.04
54	0.04
55	0.04
56	0.04
57	0.05
58	0.05
59	0.03
60	0.04
61	0.03
62	0.03
63	0.04
64	0.03
65	0.03
66	0.03
67	0.05
68	0.05
69	0.04
70	0.04
71	0.03
72	0.04
73	0.03
74	0.01
75	0.02
76	0.0
77	0.01
78	0.01
79	0.04
80	0.03
81	0.03
82	0.04
83	0.02
84	0.04
85	0.04
86	0.04
87	0.04
88	0.03
89	0.04
90	0.03
91	0.02
92	0.03
93	0.02
94	0.03
95	0.02
96	0.02
97	0.02
98	0.02
99	0.02
100	0.02
>>END_MODULE
>>Sequence Length Distribution	pass
#Length	Count
100	10000.0
>>END_MODULE
>>Sequence Duplication Levels	pass
#Total Duplicate Percentage	14.63
#Duplication Level	Relative count
1	100.0
2	6.993088907110226
3	0.6208269884034204
4	0.10542345086095818
5	0.04685486704931475
6	0.011713716762328687
7	0.011713716762328687
8	0.011713716762328687
9	0.011713716762328687
10++	0.023427433524657374
>>END_MODULE
>>Overrepresented sequences	warn
#Sequence	Count	Percentage	Possible Source
TAGGGGTTAGGGTTAGGGTTAGGGGTTAGGGTTAGGGTTAGGGGTTAGGG	13	0.13	No Hit
TTAGGGGTTAGGGTTAGGGTTAGGGGTTAGGGTTAGGGTTAGGGGTTAGG	11	0.11	No Hit
>>END_MODULE
>>Kmer Content	warn
#Sequence	Count	Obs/Exp Overall	Obs/Exp Max	Max Obs/Exp Position
CCCAG	2470	3.856031	9.741146	3
AAAAA	5690	3.8351145	5.8231997	53
GGGTT	2850	3.6094472	7.294579	9
TAGGG	2685	3.5440383	8.869626	19
CCAGG	2110	3.4185584	7.7764907	4
CCTCC	2355	3.3990626	8.313284	11
GGCCC	1640	3.2476523	9.504928	94
CTGGG	1990	3.2104974	7.7474666	60
GCCTC	2125	3.1830552	7.193259	60
CCTGG	1980	3.0779917	9.699933	39
GGAGG	1755	3.0624685	7.53807	96
GGCAG	1805	3.0349724	7.263454	9
TTTTT	5530	3.031096	4.9986334	53
AGGGT	2295	3.0292618	8.869626	8
GGGAG	1725	3.0101187	8.375633	77
GAGGC	1755	2.950901	8.877555	28
CTCCC	2025	2.922761	5.5449634	44
GCCTG	1825	2.8370378	8.207636	33
GGGGG	1275	2.822194	9.561859	91
AGGGG	1615	2.818169	7.5418434	59
CAGGC	1730	2.8028939	6.998842	8
CTGCC	1870	2.8010886	6.4739327	62
TTAGG	2805	2.8005707	6.709109	18
CCAGC	1740	2.7163942	5.9945507	91
AGGCC	1665	2.6975827	6.998842	80
TCCCA	2260	2.6687725	5.667953	41
GGTTA	2660	2.6558	5.2740817	62
GCTGG	1615	2.6055043	6.9692316	80
GTTAG	2570	2.565942	5.2714434	11
ACCCT	2170	2.562494	5.101158	1
CAGCC	1620	2.5290568	6.74387	53
GGGCC	1220	2.507278	6.9084587	44
CAGAG	1890	2.5052855	7.6348376	66
CCCTA	2115	2.4975462	6.234749	14
GCAGC	1530	2.4788601	6.2211933	10
CAGGG	1470	2.471695	5.649353	28
CCTCA	2090	2.468024	6.2347484	12
GGCTG	1520	2.4522393	6.9692316	86
GGGGT	1455	2.4361234	8.036361	23
GGCCT	1565	2.432857	5.223041	53
CTCCT	2145	2.4303684	6.526032	87
CCCTG	1605	2.404143	6.470695	10
GGTGG	1435	2.4026368	5.625452	3
CTCTG	2020	2.3752713	6.208371	65
CAGCT	1935	2.3713796	6.4737105	59
TGGGA	1790	2.362692	5.0708942	60
CCTGC	1575	2.3592057	7.18966	11
GCCCA	1510	2.3573306	5.994551	20
GAGGG	1350	2.355745	7.53807	88
TGGGG	1405	2.3524077	5.6254525	20
GGAGA	1710	2.3523858	5.9426217	25
TGCCT	1975	2.322357	7.333497	74
GTGGG	1385	2.3189216	6.4290886	6
CCACC	1540	2.3165798	6.4981866	48
TGGAG	1750	2.3098946	6.3354473	75
CCCAC	1535	2.3090584	6.4981866	89
CAGCA	1780	2.273518	5.517522	25
CCCCA	1500	2.256409	5.0541453	28
AGGCA	1700	2.2534313	5.089892	40
AGAGG	1610	2.2148192	5.2823305	7
AGCAG	1645	2.1805265	5.0898924	23
CAGGA	1645	2.1805263	5.089892	8
AGAGA	2005	2.1744263	5.205392	5
TCCTG	1840	2.1636136	5.6439734	71
GGGGC	995	2.1221828	7.166067	92
TGGCC	1360	2.114176	5.223041	36
CAGTG	1655	2.1049178	6.104643	11
CCCCT	1455	2.1000578	5.54219	13
CTCCA	1755	2.0724318	5.667953	58
GCCCC	1085	2.0703247	5.495195	8
CTCTC	1825	2.0677962	5.4383607	55
TGAGG	1560	2.059106	5.068358	40
GAGAG	1475	2.0291047	6.602913	4
CACTG	1640	2.0098515	5.882247	10
AGCCT	1635	2.003724	6.4704723	54
CTGTG	1640	2.0013485	5.271625	19
TGGGC	1210	1.9521117	6.194873	2
AGGGA	1415	1.9465648	5.2823305	36
CTGCT	1655	1.9460763	5.6439734	36
GGAAG	1390	1.9121732	5.2823305	76
AGGAG	1360	1.8709033	5.9426217	49
CTGGC	1200	1.8654495	5.225655	60
ACCCC	1210	1.8201699	6.4981866	82
GCCAG	1100	1.7821869	5.4435434	80
TGCAG	1390	1.7678766	5.494179	55
CCCCC	945	1.7374947	5.295001	27
AGCTG	1365	1.7360803	6.1046433	92
GAGCC	1065	1.7254809	5.4435434	32
CTGAG	1350	1.7170025	5.494179	12
TCTGC	1460	1.7167803	5.079576	11
CTGCA	1370	1.6789613	5.882247	71
AGCCC	1075	1.6782321	5.2452326	65
AGCCA	1310	1.6732074	6.1305804	79
GAAGG	1215	1.6714319	5.9426217	6
AGGGC	990	1.6646109	6.4564033	78
GGGGA	950	1.6577468	5.862944	27
GGCTC	1065	1.6555865	5.9691896	83
TGCCC	1030	1.5428456	5.751728	19
GCTCC	1020	1.5278667	5.0327625	93
GCCAC	900	1.4050314	5.245232	8
TGGAA	1300	1.3527431	5.4939895	4
AAACT	1615	1.2765725	5.6909833	89
GTTGG	940	1.1904844	5.4709344	84
>>END_MODULE
