##FastQC	0.10.1
>>Basic Statistics	pass
#Measure	Value	
Filename	SRR1002940.r1.temp.fq	
File type	Conventional base calls	
Encoding	Sanger / Illumina 1.9	
Total Sequences	10000	
Filtered Sequences	0	
Sequence length	100	
%GC	44	
>>END_MODULE
>>Per base sequence quality	pass
#Base	Mean	Median	Lower Quartile	Upper Quartile	10th Percentile	90th Percentile
1	32.1241	33.0	31.0	34.0	31.0	34.0
2	32.4109	34.0	31.0	34.0	31.0	34.0
3	32.5417	34.0	31.0	34.0	31.0	34.0
4	36.1183	37.0	35.0	37.0	35.0	37.0
5	35.9818	37.0	35.0	37.0	35.0	37.0
6	35.9711	37.0	35.0	37.0	35.0	37.0
7	35.9381	37.0	35.0	37.0	35.0	37.0
8	35.9539	37.0	35.0	37.0	35.0	37.0
9	37.6103	39.0	37.0	39.0	35.0	39.0
10	37.5749	39.0	37.0	39.0	35.0	39.0
11	37.5344	39.0	37.0	39.0	35.0	39.0
12	37.5254	39.0	37.0	39.0	35.0	39.0
13	37.4301	39.0	37.0	39.0	34.0	39.0
14	38.7862	40.0	38.0	41.0	35.0	41.0
15	38.7045	40.0	38.0	41.0	34.0	41.0
16	38.6795	40.0	38.0	41.0	34.0	41.0
17	38.6829	40.0	38.0	41.0	34.0	41.0
18	38.6877	40.0	38.0	41.0	35.0	41.0
19	38.6711	40.0	38.0	41.0	34.0	41.0
20	38.517	40.0	38.0	41.0	34.0	41.0
21	38.5031	40.0	38.0	41.0	34.0	41.0
22	38.4675	40.0	38.0	41.0	34.0	41.0
23	38.4214	40.0	38.0	41.0	34.0	41.0
24	38.2225	40.0	38.0	41.0	33.0	41.0
25	38.2974	40.0	38.0	41.0	34.0	41.0
26	38.0809	40.0	38.0	41.0	33.0	41.0
27	38.065	40.0	38.0	41.0	33.0	41.0
28	38.0193	40.0	38.0	41.0	33.0	41.0
29	37.9687	40.0	38.0	41.0	33.0	41.0
30	37.9411	40.0	38.0	41.0	33.0	41.0
31	37.8934	40.0	38.0	41.0	33.0	41.0
32	37.8274	40.0	37.0	41.0	33.0	41.0
33	37.8134	40.0	38.0	41.0	33.0	41.0
34	37.8042	40.0	38.0	41.0	33.0	41.0
35	37.7249	40.0	38.0	41.0	33.0	41.0
36	37.672	40.0	37.0	41.0	32.0	41.0
37	37.5281	40.0	37.0	41.0	32.0	41.0
38	37.5161	40.0	37.0	41.0	32.0	41.0
39	37.41	40.0	37.0	41.0	32.0	41.0
40	37.4183	40.0	37.0	41.0	32.0	41.0
41	37.3399	40.0	37.0	41.0	32.0	41.0
42	37.3845	40.0	37.0	41.0	32.0	41.0
43	37.2713	40.0	37.0	41.0	32.0	41.0
44	37.1778	40.0	37.0	41.0	31.0	41.0
45	37.079	40.0	37.0	41.0	31.0	41.0
46	36.9746	40.0	36.0	41.0	31.0	41.0
47	36.9643	39.0	36.0	41.0	31.0	41.0
48	36.7931	39.0	36.0	41.0	31.0	41.0
49	36.6976	39.0	36.0	41.0	30.0	41.0
50	36.4483	39.0	35.0	40.0	30.0	41.0
51	36.2033	39.0	35.0	40.0	29.0	41.0
52	36.0242	39.0	35.0	40.0	28.0	41.0
53	35.9231	39.0	35.0	40.0	28.0	41.0
54	35.9325	39.0	35.0	40.0	29.0	41.0
55	35.8489	39.0	35.0	40.0	28.0	41.0
56	35.6471	38.0	35.0	40.0	28.0	41.0
57	35.4105	38.0	34.0	40.0	28.0	41.0
58	35.3321	38.0	34.0	40.0	27.0	41.0
59	35.223	38.0	34.0	40.0	28.0	41.0
60	34.9985	38.0	34.0	40.0	26.0	41.0
61	34.8882	38.0	34.0	40.0	26.0	41.0
62	34.7779	38.0	34.0	40.0	26.0	41.0
63	34.6798	38.0	34.0	40.0	26.0	41.0
64	34.3571	37.0	33.0	40.0	26.0	41.0
65	34.2067	37.0	33.0	40.0	26.0	41.0
66	34.0346	37.0	33.0	40.0	25.0	41.0
67	33.8311	37.0	33.0	40.0	25.0	41.0
68	33.6018	36.0	32.0	39.0	24.0	41.0
69	33.41	36.0	32.0	39.0	24.0	41.0
70	33.1218	36.0	32.0	39.0	23.0	40.0
71	32.946	35.0	32.0	39.0	23.0	40.0
72	32.6605	35.0	32.0	39.0	22.0	40.0
73	32.4015	35.0	31.0	38.0	22.0	40.0
74	32.2589	35.0	31.0	38.0	22.0	40.0
75	31.9715	35.0	31.0	38.0	20.0	40.0
76	30.2853	33.0	29.0	36.0	20.0	39.0
77	31.0924	34.0	30.0	36.0	20.0	39.0
78	31.557	34.0	31.0	37.0	20.0	39.0
79	31.6556	35.0	31.0	37.0	20.0	39.0
80	31.6132	35.0	31.0	37.0	20.0	39.0
81	31.4997	35.0	31.0	36.0	20.0	39.0
82	31.3605	35.0	31.0	36.0	20.0	39.0
83	31.1375	34.0	31.0	36.0	19.0	38.0
84	30.8409	34.0	31.0	36.0	18.0	37.0
85	30.5751	34.0	30.0	36.0	17.0	37.0
86	30.3732	34.0	30.0	35.0	15.0	37.0
87	30.2637	34.0	30.0	35.0	15.0	37.0
88	30.028	34.0	30.0	35.0	10.0	37.0
89	29.7814	34.0	30.0	35.0	7.0	36.0
90	29.5396	34.0	30.0	35.0	7.0	36.0
91	29.3547	34.0	29.0	35.0	2.0	36.0
92	29.1215	34.0	29.0	35.0	2.0	36.0
93	29.0059	34.0	29.0	35.0	2.0	36.0
94	28.8134	34.0	29.0	35.0	2.0	36.0
95	28.5073	34.0	29.0	35.0	2.0	35.0
96	28.2307	34.0	29.0	35.0	2.0	35.0
97	27.8775	34.0	28.0	35.0	2.0	35.0
98	27.6068	34.0	27.0	35.0	2.0	35.0
99	27.3854	34.0	27.0	35.0	2.0	35.0
100	26.9374	33.0	27.0	35.0	2.0	35.0
>>END_MODULE
>>Per sequence quality scores	pass
#Quality	Count
5	1.0
6	1.0
7	2.0
8	4.0
9	6.0
10	11.0
11	18.0
12	20.0
13	26.0
14	36.0
15	37.0
16	33.0
17	47.0
18	51.0
19	39.0
20	68.0
21	61.0
22	80.0
23	52.0
24	72.0
25	85.0
26	133.0
27	134.0
28	159.0
29	190.0
30	218.0
31	305.0
32	349.0
33	505.0
34	653.0
35	882.0
36	1302.0
37	1868.0
38	2083.0
39	469.0
>>END_MODULE
>>Per base sequence content	warn
#Base	G	A	T	C
1	21.43572286744093	31.347617140568683	27.152583099719664	20.064076892270723
2	21.824364872974595	30.49609921984397	27.1754350870174	20.504100820164034
3	23.200000000000003	28.87	28.09	19.84
4	23.97	28.59	26.8	20.64
5	24.01	30.209999999999997	25.66	20.119999999999997
6	24.11	29.299999999999997	25.1	21.490000000000002
7	22.24	28.82	27.950000000000003	20.990000000000002
8	22.55	28.67	27.839999999999996	20.94
9	22.34	28.810000000000002	27.76	21.09
10	23.79	28.99	26.25	20.97
11	23.169999999999998	28.249999999999996	26.840000000000003	21.740000000000002
12	22.99	28.26	27.73	21.02
13	22.15	29.099999999999998	27.61	21.14
14	21.75522866006204	28.409886920844592	28.189732812969076	21.645151606124287
15	21.34	29.23	27.88	21.55
16	21.740000000000002	28.410000000000004	27.98	21.87
17	22.16	29.360000000000003	27.589999999999996	20.89
18	23.119999999999997	28.26	27.450000000000003	21.17
19	22.68	28.26	27.36	21.7
20	21.95	29.12	27.18	21.75
21	22.49	29.15	27.16	21.2
22	22.48	28.4	27.529999999999998	21.59
23	22.63	28.310000000000002	27.279999999999998	21.78
24	22.95	27.49	28.13	21.43
25	22.912291229122914	27.682768276827684	28.012801280128013	21.392139213921393
26	22.33233233233233	29.049049049049046	27.097097097097095	21.52152152152152
27	22.702702702702705	28.10810810810811	27.85785785785786	21.33133133133133
28	22.52252252252252	28.56856856856857	27.167167167167168	21.74174174174174
29	22.714986485133647	27.790569626589246	27.49023926318951	22.004204625087596
30	22.89518470317349	27.560316347982784	27.760536590249274	21.78396235859445
31	22.925217739513464	27.7705476023626	27.80058063870257	21.503654019421365
32	22.41914488835486	27.71603084009212	27.58586162010614	22.278962651446882
33	22.411375926296813	29.371119567394356	27.077909072701782	21.13959543360705
34	23.132385339475263	29.100741037452433	27.248147406368915	20.518726216703385
35	22.8743114672008	28.092138207310967	27.541311967951927	21.492238357536305
36	23.26489734601903	27.711567351026538	27.70155232849274	21.321982974461694
37	23.27491236855283	27.831747621432147	27.771657486229344	21.12168252378568
38	22.536057692307693	28.155048076923077	27.584134615384613	21.724759615384613
39	22.485977564102562	28.645833333333332	27.25360576923077	21.614583333333336
40	22.643965948923388	29.73460190285428	26.35953930896345	21.261892839258888
41	23.054581872809212	28.6129193790686	27.76164246369554	20.57085628442664
42	22.854281422133198	29.093640460691038	26.599899849774662	21.452178267401102
43	22.44366549824737	28.182273410115172	27.361041562343512	22.01301952929394
44	23.002203084318047	28.379731624273987	26.877628680152217	21.74043661125576
45	22.191067494492287	28.4197877027839	27.859002603645106	21.53014219907871
46	22.369079803744867	28.737358566135978	27.175327926304192	21.71823370381496
47	22.50475523075383	28.59145059565522	27.310041045149664	21.593753128441286
48	22.694041061592387	28.23234852278418	27.000500751126687	22.073109664496744
49	22.769600480624813	28.156603584660054	27.21537999399219	21.85841594072294
50	22.7468671679198	27.44862155388471	27.88972431077694	21.914786967418546
51	22.892412685668408	28.010839020473703	26.977117623444403	22.11963067041349
52	21.593417619907687	28.838049367850694	27.92494481236203	21.64358819987959
53	21.97912484945805	29.124849458048974	27.549177037334406	21.34684865515857
54	22.6392373306573	28.77069744104365	26.58304064224787	22.00702458605118
55	22.23002810116419	27.97069450020072	27.448815736651948	22.35046166198314
56	22.047165077772203	29.011540391369795	26.67335674862017	22.26793778223783
57	22.107375815353738	28.35925740090316	27.31560461615655	22.217762167586553
58	22.634694491823016	28.37363298886325	27.430520718370623	21.56115180094311
59	22.579997993780722	28.388002808706993	27.414986458019865	21.617012739492427
60	22.469655933393522	28.999899689036013	26.923462734476878	21.60698164309359
61	23.009825546420693	28.614397433326648	25.827150591538	22.54862642871466
62	22.738214643931794	28.64593781344032	27.031093279839517	21.584754262788366
63	23.3931615361476	27.61455931013737	26.421337611551188	22.57094154216384
64	22.39045422641131	28.527022961997396	27.37390955580066	21.708613255790635
65	22.531823193344692	28.40533226420768	27.56339581036384	21.499448732083792
66	23.243459957903177	28.956600180414956	26.250375864488323	21.549563997193548
67	22.81246867795931	28.385286158163776	27.533326651297983	21.26891851257893
68	23.401483263178992	28.673080777710965	26.157546602525557	21.767889356584487
69	23.2010422930447	29.264381639607134	26.788935658448587	20.74564040889958
70	22.61976347965524	28.472639807576666	26.76889156143516	22.138705151332932
71	23.216432865731463	28.12625250501002	27.094188376753507	21.56312625250501
72	22.78785449443832	28.39963924240906	27.237198116043693	21.575308147108927
73	22.47168487521299	29.22722261200762	26.350606394707825	21.950486118071563
74	22.599719382641812	28.73321306875125	26.83904590098216	21.828021647624773
75	23.196392785571142	28.186372745490985	26.703406813627257	21.913827655310623
76	22.404809619238478	29.018036072144287	27.46492985971944	21.112224448897795
77	22.57741256638942	28.459765507565887	27.427597955706982	21.535223970337707
78	22.878043892173565	28.17917627016735	27.617997795370275	21.324782042288806
79	23.10082180797755	28.713168971737822	26.368009621166564	21.81799959911806
80	23.48165965123271	27.881338945680493	27.370214471838043	21.266786931248745
81	23.216432865731463	29.248496993987978	25.741482965931862	21.793587174348698
82	22.900380837843255	28.993786329925836	26.00721587492483	22.09861695730607
83	22.50952094608138	28.55281619563039	27.57065544197234	21.367007416315893
84	22.387012726726123	28.740354744964424	27.387513778935762	21.485118749373687
85	22.45490981963928	28.567134268537075	26.93386773547094	22.044088176352705
86	22.324649298597194	28.486973947895795	27.444889779559116	21.743486973947896
87	22.68309788598337	28.92495741909628	27.171626089570182	21.220318605350165
88	23.03607214428858	28.537074148296593	26.88376753507014	21.54308617234469
89	22.74867274366423	28.35820895522388	27.3464890313533	21.54662926975859
90	23.301943498296936	28.341013824884794	27.759967942296132	20.59707473452214
91	22.674011016524787	28.793189784677015	26.579869804707062	21.952929394091136
92	23.147035256410255	29.226762820512818	27.163461538461537	20.462740384615387
93	23.004506760140213	28.823234852278418	27.210816224336504	20.961442163244868
94	23.59775641025641	27.844551282051285	26.061698717948715	22.49599358974359
95	22.205528846153847	28.26522435897436	28.125	21.404246794871796
96	22.720897615708274	28.5013023442196	26.477659787617714	22.30014025245442
97	23.38677354709419	28.537074148296593	27.26452905811623	20.811623246492985
98	22.44488977955912	29.10821643286573	26.322645290581164	22.124248496993985
99	23.451593505712566	28.693124874724397	27.02946482260974	20.825816796953298
100	23.436873747494992	27.5751503006012	26.803607214428858	22.184368737474948
>>END_MODULE
>>Per base GC content	pass
#Base	%GC
1	41.49979975971165
2	42.328465693138625
3	43.04
4	44.61
5	44.13
6	45.6
7	43.230000000000004
8	43.49
9	43.43
10	44.76
11	44.91
12	44.01
13	43.29
14	43.400380266186325
15	42.89
16	43.61
17	43.05
18	44.29
19	44.379999999999995
20	43.7
21	43.69
22	44.07
23	44.41
24	44.379999999999995
25	44.30443044304431
26	43.85385385385385
27	44.034034034034036
28	44.26426426426426
29	44.719191110221246
30	44.67914706176794
31	44.42887175893483
32	44.69810753980174
33	43.55097135990387
34	43.65111155617865
35	44.366549824737106
36	44.586880320480724
37	44.396594892338506
38	44.26081730769231
39	44.1005608974359
40	43.90585878818227
41	43.62543815723585
42	44.3064596895343
43	44.45668502754131
44	44.74263969557381
45	43.721209693571
46	44.08731350755983
47	44.098508359195115
48	44.767150726089135
49	44.62801642134775
50	44.661654135338345
51	45.0120433560819
52	43.23700581978728
53	43.32597350461662
54	44.64626191670848
55	44.58048976314733
56	44.315102860010036
57	44.32513798294029
58	44.19584629276613
59	44.197010733273146
60	44.07663757648711
61	45.55845197513535
62	44.32296890672016
63	45.96410307831144
64	44.099067482201946
65	44.031271925428484
66	44.79302395509672
67	44.08138719053824
68	45.16937261976348
69	43.946682701944276
70	44.758468630988176
71	44.77955911823647
72	44.36316264154725
73	44.42217099328455
74	44.42774103026659
75	45.11022044088177
76	43.517034068136276
77	44.11263653672713
78	44.20282593446237
79	44.91882140709561
80	44.74844658248146
81	45.010020040080164
82	44.99899779514933
83	43.87652836239727
84	43.87213147609981
85	44.498997995991985
86	44.06813627254509
87	43.90341649133354
88	44.57915831663327
89	44.29530201342282
90	43.899018232819074
91	44.62694041061592
92	43.609775641025635
93	43.96594892338508
94	46.09375
95	43.609775641025635
96	45.02103786816269
97	44.19839679358717
98	44.569138276553105
99	44.277410302665864
100	45.62124248496994
>>END_MODULE
>>Per sequence GC content	fail
#GC Content	Count
0	0.0
1	0.0
2	0.0
3	0.0
4	0.0
5	0.5
6	1.5
7	1.0
8	1.0
9	1.5
10	1.0
11	1.0
12	2.0
13	2.5
14	1.5
15	1.0
16	1.0
17	5.5
18	12.0
19	15.0
20	21.0
21	27.5
22	42.0
23	63.5
24	74.5
25	103.5
26	130.5
27	141.0
28	158.5
29	178.5
30	223.5
31	271.5
32	296.5
33	326.0
34	336.0
35	312.5
36	341.5
37	358.0
38	319.0
39	286.0
40	280.5
41	298.5
42	305.5
43	273.0
44	226.5
45	207.0
46	194.0
47	207.0
48	223.0
49	212.5
50	202.0
51	183.0
52	172.0
53	187.0
54	180.0
55	182.5
56	224.5
57	232.5
58	205.5
59	203.0
60	203.5
61	187.5
62	182.0
63	164.0
64	123.5
65	103.0
66	102.0
67	95.0
68	91.5
69	83.0
70	64.0
71	45.5
72	32.5
73	23.5
74	11.5
75	5.0
76	3.5
77	3.5
78	2.5
79	3.0
80	2.5
81	1.5
82	1.0
83	0.0
84	1.0
85	1.5
86	1.0
87	1.0
88	1.0
89	0.5
90	0.0
91	0.0
92	0.0
93	0.5
94	0.5
95	0.0
96	0.0
97	0.0
98	0.0
99	0.0
100	0.0
>>END_MODULE
>>Per base N content	pass
#Base	N-Count
1	0.12
2	0.02
3	0.0
4	0.0
5	0.0
6	0.0
7	0.0
8	0.0
9	0.0
10	0.0
11	0.0
12	0.0
13	0.0
14	0.06999999999999999
15	0.0
16	0.0
17	0.0
18	0.0
19	0.0
20	0.0
21	0.0
22	0.0
23	0.0
24	0.0
25	0.01
26	0.1
27	0.1
28	0.1
29	0.11
30	0.11
31	0.11
32	0.13
33	0.13999999999999999
34	0.13999999999999999
35	0.15
36	0.15
37	0.15
38	0.16
39	0.16
40	0.15
41	0.15
42	0.15
43	0.15
44	0.13999999999999999
45	0.13999999999999999
46	0.13
47	0.11
48	0.15
49	0.13
50	0.25
51	0.36
52	0.33999999999999997
53	0.36
54	0.35000000000000003
55	0.36
56	0.35000000000000003
57	0.35000000000000003
58	0.33
59	0.31
60	0.31
61	0.26
62	0.3
63	0.27
64	0.27
65	0.22999999999999998
66	0.22999999999999998
67	0.22999999999999998
68	0.22
69	0.22
70	0.22
71	0.2
72	0.21
73	0.22999999999999998
74	0.22
75	0.2
76	0.2
77	0.21
78	0.21
79	0.22
80	0.22
81	0.2
82	0.22
83	0.22
84	0.21
85	0.2
86	0.2
87	0.19
88	0.2
89	0.16999999999999998
90	0.18
91	0.15
92	0.16
93	0.15
94	0.16
95	0.16
96	0.18
97	0.2
98	0.2
99	0.22
100	0.2
>>END_MODULE
>>Sequence Length Distribution	pass
#Length	Count
100	10000.0
>>END_MODULE
>>Sequence Duplication Levels	pass
#Total Duplicate Percentage	15.41
#Duplication Level	Relative count
1	100.0
2	7.542262678803641
3	0.662016786854238
4	0.1063955550301454
5	0.03546518501004847
6	0.0
7	0.0
8	0.011821728336682822
9	0.0
10++	0.023643456673365645
>>END_MODULE
>>Overrepresented sequences	warn
#Sequence	Count	Percentage	Possible Source
TTAGGGGTTAGGGTTAGGGTTAGGGGTTAGGGTTAGGGTTAGGGGTTAGG	20	0.2	No Hit
TAGGGGTTAGGGTTAGGGTTAGGGGTTAGGGTTAGGGTTAGGGGTTAGGG	18	0.18	No Hit
>>END_MODULE
>>Kmer Content	fail
#Sequence	Count	Obs/Exp Overall	Obs/Exp Max	Max Obs/Exp Position
AACCC	3180	4.0602593	10.41867	28
CCCTA	2815	3.801216	8.426053	24
GAGGC	2570	3.6444411	7.491083	45
ACCCT	2670	3.605416	8.421838	88
CTGGG	2390	3.5843732	7.198666	62
CCTGG	2170	3.452835	7.6451807	32
TTTTT	4515	3.268523	5.9042144	87
CCCAG	2030	3.2403758	7.665729	59
CCTAA	3165	3.2221398	6.358954	31
CCTCC	1770	3.1702309	7.764635	49
GCCTG	1990	3.1664248	6.8772173	59
GGAGG	2335	3.1209292	6.415548	24
AAAAA	5690	3.113282	5.772063	19
CCAGG	2060	3.0993154	7.218018	79
GCCTC	1785	3.0133882	7.2891817	79
CCCCT	1675	3.0000775	7.7374325	23
GGGAG	2220	2.967222	7.0535727	85
CTGCC	1715	2.8952157	9.718907	77
GGCAG	2040	2.8928635	7.5136576	47
TAACC	2840	2.8912723	6.3525877	27
CTAAC	2825	2.8760014	6.3525877	26
GGGCC	1485	2.7931724	6.3198395	64
CTCTG	2075	2.7930517	5.8119626	75
CTCCC	1555	2.7851462	6.901898	48
GCTGG	1820	2.7295227	6.4788	64
GGGTT	2240	2.678597	6.887749	23
GGCTG	1755	2.6320398	7.198666	62
GGGGG	1575	2.6317844	8.818238	95
TGGGA	2320	2.6231906	5.966971	72
TAGGG	2240	2.5327353	5.9729466	1
TCCCA	1875	2.531893	5.195665	50
GGCCC	1265	2.5244255	7.6591654	79
CCAGC	1570	2.5061033	6.126447	66
GGCCT	1575	2.50609	8.409698	58
AGGCA	2205	2.501115	7.09211	46
AGGCC	1650	2.4824615	7.225247	35
TGCCT	1835	2.47	6.467442	55
AGAGG	2245	2.4001627	5.6420436	79
CAGCC	1500	2.3943663	5.36601	42
CCCTG	1415	2.3887641	6.4857616	39
GGGGC	1345	2.3844752	7.6547747	96
TGGGG	1660	2.3465114	6.781628	94
TCTCC	1635	2.3349597	5.4893804	55
TGAGG	2040	2.3065984	5.969957	61
TGGCC	1445	2.2992382	5.3516264	55
TCCTG	1705	2.2950137	5.8090563	13
CAGGG	1615	2.2901838	5.44261	88
CCCTC	1270	2.2746854	5.1634564	57
CTCCT	1585	2.2635543	5.4784007	17
CCCAC	1330	2.252432	5.684605	20
GGCCA	1495	2.2492604	5.7744145	68
GTGGG	1590	2.2475622	5.430736	37
TGCTG	1765	2.2392619	6.086667	83
ACCCC	1315	2.2270288	6.5031943	62
CACTG	1745	2.2209501	5.498226	22
CAGGC	1475	2.21917	5.797617	49
AGGGT	1950	2.2048368	5.4353952	53
AGGGG	1640	2.1920018	7.0535727	2
CCACC	1290	2.1846898	6.499942	81
GCAGG	1520	2.1554668	6.8032618	89
GCCCC	1005	2.1278396	6.097626	24
GGAGA	1970	2.106156	5.1265655	18
CCTGC	1235	2.0848932	6.4825153	62
CCCCA	1220	2.066141	5.710302	48
CTGGC	1295	2.0605628	5.343595	73
TGGGC	1370	2.0546408	5.04159	1
CCCCC	900	2.0216973	6.4661274	88
CTCAC	1485	2.0052593	6.4783363	85
AGGCT	1670	2.0033605	7.478047	19
GTGTG	1645	1.9670948	5.742666	43
AGGAG	1820	1.9457887	5.6561904	54
CTGTC	1420	1.9113897	5.8119626	73
AGCTG	1585	1.901393	5.1822915	61
GCCAC	1185	1.8915493	5.3633246	22
TTTTC	2080	1.8884832	5.240082	51
GCCAG	1240	1.8656073	5.0576725	34
TCTGC	1380	1.8575479	5.8236165	53
GGGGT	1300	1.8376294	6.103465	79
GTGAG	1625	1.8373642	5.9909472	49
CACAC	1425	1.8194556	5.515766	64
CCACA	1405	1.7939194	5.515766	23
CTTCT	1565	1.7820506	5.471134	58
TGCCC	1050	1.7725812	5.6722007	24
GCCCA	1110	1.7718312	6.135656	58
GCAGC	1170	1.7602907	5.7744145	90
CATGG	1460	1.751441	5.1822915	26
CCTTC	1210	1.7280132	5.481142	78
GCTGT	1345	1.7064061	5.475261	6
CTGCA	1340	1.705486	6.1030307	13
CCTGA	1325	1.6863948	5.492728	7
GCCCT	945	1.5953231	5.6750417	38
TCTCA	1475	1.5881087	5.173207	33
TCCCC	850	1.5224272	5.1634564	31
CTCTT	1315	1.497378	6.024284	54
CACCA	1155	1.4747167	6.1286287	22
CTTCA	1305	1.4050723	5.1680284	29
GGGTC	910	1.3647614	5.034027	4
GGAGC	925	1.3117152	5.45079	55
GGGTG	925	1.307544	5.42259	6
GGCCG	685	1.2884331	5.4142957	91
TTCCA	1185	1.2758703	5.1783957	51
GCCCG	475	0.94790685	5.750127	60
>>END_MODULE
